  alpha   1 	913   1.00793
   beta   2 	914   4.0026
  gamma   3 	915   6.94
  delta   4 	916   9.01218
epsilon   5 	917   10.81
   zeta   6 	918   12.011
    eta   7 	919   14.0067
  theta   8 	920   15.999
   iota   9 	921   18.9384
  kappa   10 	922   20.17
 lambda   11 	923   22.9897
     mu   12 	924   24.305
     nu   13 	925   26.9815
     xi   14 	926   28.085
omicron   15 	927   30.9737
     pi   16 	928   32.06
    rho   17 	929   35.453
  sigma   18 	931   39.94
    tau   19 	932   40.08
upsilon   20 	933   44.9559
    phi   21 	934   47.9
    chi   22 	935   50.9415
    psi   23 	936   51.995
  omega   24 	937   54.938
